1
2
3
4
5
6
7
8
9
10
11
12
13
14
15
16
17
18
19
20
21
22
23
24
25
26
27
28
29
30
31
38
39
40
40
41
42
43
44
45
47
48
49
49
50
51
52
55
55
56
58
58
59
59
60
61
62
63
64
65
66
67
68
68
69
71
72
73
74
74
76
76
78
79
80
81
82
82
83
83
85
85
86
87
88
89
90
92
93
94
95
96
97
98
99
100
101
102
103
104
105
106
107
108
109
110
111
112
113
113
114
116
116
117
118
119
120
121
122
123
124
126
126
126
126
127
129
129
130
131
131
132
133
134
135
136
137
138
139
140
141
142
143
144
145
146
147
148
149
150
151
152
153
154
155
156
157
158
159
160
161
162
163
164
165
166
167
168
169
170
171
172
173
174
175
176
177
178
179
180
181
182
183
184
185
186
187
189
189
190
191
192
193
194
195
196
197
198
199
200
201
202
203
204
205
206
207
208
209
210
212
213
213
215
216
217
218
219
221
222
222
223
224
224
225
227
227
228
229
230
231
232
234
235
235
237
238
238
239
240
241
242
243
244
245
246
247
248
249
250
251
252
253
254
255
256
257
258
259
260
261
262
263
264
266
268
268
269
270
271
272
273
274
275
276
277
278
279
280
282
282
283
284
285
286
287
288
290
290
291
292
293
294
295
296
297
298
299
300
301
302
303
304
306
306
306
307
308
309
310
311
312
313
314
315
316
318
319
320
321
322
323
324
326
326
327
327
328
329
330
331
332
333
335
336
337
337
338
340
341
342
343
344
345
346
346
347
348
349
350
351
352
353
354
355
356
357
358
359
360
361
362
363
364
365
366
367
368
369
370
371
372
374
375
377
377
378
379
380
380
382
383
383
385
385
386
387
388
389
390
391
392
393
394
395
396
397
398
399
400
401
402
403
404
405
406
407
408
409
410
411
412
413
414
415
416
417
418
419
420
421
422
423
424
425
426
427
428
429
430
431
432
433
434
435
436
437
438
439
440
441
443
444
444
445
446
447
448
449
450
451
452
453
454
455
456
457
458
459
460
461
462
463
464
465
466
467
468
469
470
471
472
473
474
475
476
477
478
479
480
481
482
483
484
485
487
488
489
489
491
491
492
493
494
495
496
497
498
499
500
501
502
503
504
505
506
507
508
509
510
511
512
513
514
516
516
518
518
519
521
522
523
523
525
526
527
529
529
530
532
533
535
536
537
537
538
540
541
542
542
543
545
546
547
548
548
550
550
551
552
552
553
555
556
557
558
560
560
561
562
563
564
565
566
567
568
569
570
571
572
573
574
575
576
578
578
580
580
581
582
583
585
585
586
586
587
589
589
592
592
593
593
596
597
600
600
601
602
603
604
605
606
608
608
609
611
611
612
614
614
615
616
617
618
619
620
622
622
623
624
626
626
628
629
629
630
631
632
633
634
635
636
637
638
639
640
641
642
642
644
645
646
646
648
649
650
652
652
653
654
655
656
656
657
658
659
660
661
662
663
664
665
666
667
668
670
671
672
672
674
674
676
676
677
678
679
680
682
683
683
684
686
687
688
689
689
690
690
690
690
691
692
693
694
695
697
698
699
700
701
702
704
704
705
706
707
708
710
710
711
712
714
714
715
716
717
719
720
720
721
722
723
724
725
726
727
727
728
729
730
731
732
733
735
736
737
738
739
740
741
742
743
744
745
746
747
748
749
750
751
752
752
753
754
755
757
758
759
760
761
762
763
764
765
766
767
768
769
770
771
772
773
774
775
776
777
778
779
780
781
782
782
783
785
786
787
788
789
790
791
791
792
793
794
795
796
797
798
799
800
801
802
803
804
805
806
807
808
809
810
811
812
813
814
815
816
817
818
819
820
821
822
823
824
825
826
827
828
829
830
831
832
833
834
835
836
837
838
839
840
841
842
843
844
846
846
847
848
850
850
852
852
854
855
855
857
858
859
860
860
861
863
864
864
866
867
868
868
869
870
872
872
873
874
875
876
877
878
879
881
882
883
884
885
886
887
888
889
890
891
892
893
893
895
895
896
897
899
900
901
903
904
904
905
906
908
909
910
910
911
913
914
914
916
916
918
919
919
921
921
922
924
925
926
927
928
929
930
931
932
933
934
935
936
937
938
939
940
941
942
943
945
946
947
947
947
948
949
950
952
953
954
956
957
958
959
960
961
962
963
964
965
966
966
968
969
970
971
972
973
975
976
977
978
979
979
981
982
983
984
985
986
987
988
989
990
991
991
991
991
991
992
993
994
995
996
997
998
999
1000
1001
1003
1004
1004
1005
1006
1007
1009
1009
1010
1012
1012
1014
1015
1015
1017
1018
1019
1019
1021
1021
1022
1023
1024
1025
1026
1027
1028
1029
1030
1031
1032
1033
1034
1036
1036
1038
1039
1040
1041
1042
1043
1044
1045
1046
1047
1048
1049
1049
1050
1051
1052
1054
1055
1056
1057
1058
1059
1060
1062
1063
1063
1065
1066
1067
1068
1068
1070
1070
1071
1072
1073
1074
1075
1076
1078
1078
1079
1080
1081
1082
1083
1084
1085
1086
1087
1088
1089
1090
1091
1092
1093
1093
1094
1095
1096
1097
1098
1099
1100
1101
1102
1103
1104
1105
1106
1107
1108
1109
1110
1111
1112
1113
1114
1115
1116
1117
1118
1119
1120
1121
1122
1123
1124
1125
1126
1127
1128
1129
1130
1131
1132
1133
1134
1135
1136
1137
1138
1139
1140
1141
1142
1143
1144
1145
1146
1147
1148
1149
1150
1151
1152
1153
1154
1155
1156
1157
1158
1159
1160
1161
1162
1163
1164
1165
1166
1167
1168
1169
1170
1171
1172
1173
1174
1175
1176
1177
1178
1179
1180
1181
1182
1183
1184
1185
1186
1187
1188
1189
1190
1191
1192
1193
1194
1195
1196
1197
1198
1199
1200
1201
1202
1203
1204
1205
1206
1207
1208
1209
1210
1211
1212
1213
1214
1215
1216
1217
1218
1219
1220
1221
1222
1223
1224
1225
1226
1227
1228
1231
1232
1233
1234
1235
1236
1237
1238
1240
1241
1241
1243
1245
1245
1247
1247
1248
1249
1249
1251
1251
1252
1254
1255
1255
1256
1257
1258
1259
1260
1261
1262
1263
1264
1266
1266
1268
1268
1270
1270
1272
1272
1274
1274
1275
1276
1277
1279
1280
1281
1283
1284
1285
1286
1286
1288
1288
1289
1290
1292
1292
1294
1294
1295
1297
1298
1299
1299
1300
1301
1302
1304
1304
1306
1307
1308
1309
1309
1311
1312
1312
1313
1315
1316
1317
1317
1319
1319
1320
1323
1330
1331
1331
1333
1334
1335
1336
1336
1337
1338
1339
1340
1341
1342
1343
1345
1346
1347
1347
1349
1350
1350
1351
1351
1352
1353
1355
1356
1356
1357
1358
1359
1360
1361
1363
1363
1374
1375
1376
1378
1379
1380
1381
1382
1383
1383
1385
1386
1387
1388
1389
1390
1391
1392
1393
1394
1395
1396
1397
1398
1399
1400
1401
1402
1403
1404
1405
1406
1407
1408
1409
1409
1411
1413
1415
1416
1418
1418
1418
1418
1418
1418
1418
1418
1418
1418
1418
1418
1418
1418
1418
1422
1424
1425
1425
1428
1430
1432
1433
1434
1434
1436
1437
1438
1439
1440
1441
1441
1443
1444
1444
1445
1447
1448
1448
1449
1451
1452
1453
1453
1454
1455
1455
1456
1458
1459
1459
1460
1461
1462
1463
1464
1465
1466
1468
1468
1469
1470
1470
1471
1473
1474
1476
1477
1479
1479
1482
1483
1484
1484
1485
1486
1488
1489
1490
1490
1491
1491
1493
1494
1494
1496
1496
1498
1499
1499
1501
1502
1503
1504
1504
1505
1507
1507
1511
1517
1517
1519
1519
1520
1520
1522
1522
1523
1523
1523
1524
1526
1526
1527
1529
1531
1531
1532
1534
1534
1536
1536
1537
1538
1539
1540
1542
1542
1544
1544
1546
1546
1547
1548
1549
1550
1551
1552
1553
1554
1555
1556
1557
1558
1560
1560
1561
1562
1562
1562
1562
1565
1566
1568
1568
1568
1568
1568
1570
1570
1571
1571
1573
1574
1575
1577
1577
1578
1580
1580
1582
1582
1583
1584
1585
1586
1587
1588
1589
1590
1591
1592
1594
1594
1596
1596
1597
1598
1599
1600
1601
1602
1604
1605
1606
1607
1607
1608
1609
1610
1611
1612
1613
1615
1615
1616
1617
1618
1619
1620
1621
1622
1623
1624
1625
1626
1627
1629
1629
1630
1631
1632
1634
1634
1636
1636
1637
1639
1639
1641
1641
1643
1643
1644
1645
1646
1647
1648
1649
1649
1650
1652
1653
1653
1655
1655
1671
1671
1671
1671
1672
1674
1675
1676
1676
1678
1679
1679
1680
1681
1683
1684
1685
1686
1687
1688
1689
1690
1691
1692
1693
1694
1695
1696
1697
1698
1699
1700
1700
1702
1703
1703
1706
1707
1708
1709
1716
1717
1718
1720
1721
1721
1723
1724
1725
1726
1727
1728
1728
1729
1731
1732
1733
1734
1735
1736
1737
1737
1739
1740
1741
1742
1743
1744
1744
1746
1747
1748
1749
1750
1751
1752
1755
1756
1756
1756
1758
1758
1759
1763
1764
1764
1765
1766
1768
1770
1770
1772
1773
1773
1774
1775
1776
1778
1778
1780
1781
1781
1782
1784
1785
1786
1787
1788
1788
1790
1791
1792
1792
1793
1794
1795
1796
1798
1799
1800
1801
1802
1802
1803
1805
1806
1806
1808
1809
1810
1810
1812
1814
1814
1815
1817
1818
1819
1819
1820
1821
1823
1825
1826
1827
1829
1830
1831
1832
1833
1834
1835
1836
1836
1838
1838
1840
1841
1842
1842
1844
1845
1846
1846
1848
1849
1850
1851
1851
1852
1853
1854
1855
1856
1856
1858
1859
1860
1862
1864
1865
1865
1866
1867
1868
1869
1869
1870
1871
1872
1873
1874
1875
1876
1877
1878
1878
1880
1880
1882
1883
1884
1885
1886
1887
1888
1889
1890
1891
1892
1893
1894
1895
1896
1897
1898
1899
1900
1901
1902
1903
1904
1905
1906
1911
1912
1913
1914
1914
1916
1917
1918
1919
1920
1921
1922
1923
1923
1925
1926
1928
1929
1930
1931
1931
1933
1933
1935
1935
1937
1938
1939
1940
1941
1941
1942
1943
1943
1945
1946
1947
1948
1949
1949
1951
1952
1953
1954
1955
1955
1957
1958
1959
1960
1961
1962
1963
1964
1965
1972
1974
1975
1976
1977
1978
1979
1980
1981
1982
1983
1984
1985
1986
1986
1988
1988
1990
1991
1992
1993
1994
1995
1996
1997
1998
1999
2000
2001
2002
2003
2004
2004
2009
2015
2015
2016
2018
2019
2020
2021
2022
2023
2023
2025
2025
2026
2028
2029
2030
2030
2031
2033
2033
2035
2035
2037
2038
2039
2039
2041
2041
2043
2043
2045
2046
2046
2048
2048
2049
2050
2051
2052
2053
2054
2055
2056
2057
2058
2059
2059
2072
2073
2074
2074
2075
2076
2078
2079
2080
2080
2082
2083
2084
2084
2085
2087
2087
2089
2089
2091
2092
2093
2093
2095
2095
2096
2098
2099
2099
2101
2101
2103
2103
2104
2104
2106
2107
2109
2113
2114
2115
2116
2117
2118
2119
2119
2121
2122
2123
2124
2125
2126
2127
2128
2129
2130
2131
2132
2133
2134
2135
2136
2137
2138
2139
2140
2140
2142
2143
2144
2145
2146
2147
2148
2148
2150
2150
2151
2153
2153
2155
2156
2157
2158
2160
2160
2162
2162
2164
2166
2167
2168
2169
2170
2171
2172
2173
2173
2175
2176
2176
2178
2179
2180
2181
2182
2183
2184
2185
2186
2187
2188
2189
2190
2191
2191
2192
2194
2195
2196
2196
2197
2198
2200
2201
2202
2203
2204
2205
2206
2207
2208
2209
2209
2211
2212
2213
2214
2215
2216
2218
2219
2220
2222
2222
2223
2224
2225
2226
2227
2228
2228
2229
2231
2232
2233
2234
2235
2235
2236
2237
2238
2239
2240
2241
2242
2243
2244
2245
2246
2247
2248
2248
2250
2251
2261
2263
2265
2266
2267
2268
2269
2270
2270
2272
2273
2273
2275
2276
2276
2278
2279
2279
2281
2282
2283
2284
2285
2286
2287
2287
2289
2290
2291
2292
2292
2293
2294
2294
2296
2296
2298
2299
2301
2302
2303
2304
2321
2322
2324
2325
2326
2327
2327
2329
2331
2332
2333
2334
2334
2336
2336
2337
2339
2340
2341
2341
2342
2343
2345
2345
2347
2348
2349
2349
2351
2352
2353
2353
2354
2356
2356
2358
2368
2370
2371
2371
2373
2375
2376
2377
2378
2378
2380
2380
2382
2383
2384
2385
2385
2386
2387
2390
2390
2392
2392
2394
2394
2396
2396
2398
2399
2400
2401
2402
2403
2404
2405
2406
2406
2406
2407
2409
2409
2410
2411
2412
2413
2415
2416
2417
2418
2419
2420
2421
2422
2422
2423
2424
2425
2426
2427
2428
2429
2430
2431
2432
2433
2434
2435
2436
2437
2438
2439
2440
2441
2442
2443
2444
2445
2446
2447
2448
2449
2450
2451
2452
2453
2454
2456
2457
2457
2458
2459
2460
2462
2462
2464
2464
2465
2466
2467
2468
2470
2470
2471
2472
2474
2476
2477
2478
2479
2480
2482
2483
2484
2484
2486
2486
2488
2489
2490
2492
2493
2493
2495
2496
2497
2497
2499
2500
2500
2501
2503
2503
2504
2505
2506
2508
2509
2510
2511
2511
2521
2522
2523
2524
2524
2528
2529
2531
2532
2533
2533
2535
2536
2537
2538
2538
2539
2541
2541
2543
2543
2545
2546
2547
2548
2549
2550
2551
2551
2554
2555
2556
2557
2558
2559
2560
2560
2560
2560
2560
2560
2560
2560
2561
2561
2561
2561
2561
2561
2561
2561
2561
2562
2564
2565
2566
2566
2566
2566
2566
2566
2573
2575
2577
2581
2585
2586
2587
2588
2589
2590
2591
2592
2593
2594
2595
2595
2596
2597
2598
2599
2600
2601
2602
2603
2604
2604
2606
2607
2608
2609
2610
2611
2613
2614
2615
2616
2617
2618
2619
2619
2619
2619
2619
2619
2619
2619
2619
2619
2619
2620
2622
2625
2629
2639
2646
2647
2652
2653
2654
2654
2656
2657
2658
2659
2659
2660
2662
2662
2664
2665
2666
2667
2668
2669
2670
2671
2672
2673
2674
2676
2678
2679
2680
2681
2682
2684
2687
2687
2688
2688
2689
2689
2690
2691
2692
2693
2694
2694
2695
2696
2698
2707
2715
2724
2730
2731
2732
2733
2734
2734
2736
2737
2738
2739
2740
2741
2742
2743
2744
2745
2746
2747
2748
2749
2749
2751
2752
2753
2754
2755
2756
2757
2758
2759
2759
2760
2760
2762
2763
2763
2767
2768
2769
2770
2771
2772
2772
2772
2772
2772
2774
2774
2776
2776
2776
2776
2776
2776
2776
2777
2777
2777
2777
2777
2777
2778
2782
2791
2795
2797
2798
2799
2800
2801
2803
2803
2805
2805
2807
2807
2808
2809
2810
2811
2812
2813
2815
2815
2816
2817
2818
2819
2820
2823
2824
2826
2826
2827
2828
2829
2830
2830
2831
2832
2832
2832
2832
2832
2832
2832
2832
2832
2832
2832
2833
2835
2836
2837
2839
2840
2840
2841
2842
2843
2845
2845
2846
2848
2849
2849
2850
2852
2853
2853
2854
2855
2856
2857
2858
2860
2860
2861
2862
2863
2866
2867
2868
2869
2870
2871
2872
2873
2874
2875
2876
2877
2878
2879
2880
2880
2880
2880
2880
2880
2880
2881
2881
2882
2882
2884
2885
2887
2888
2890
2891
2891
2892
2893
2894
2896
2896
2897
2899
2900
2900
2902
2903
2903
2905
2906
2906
2908
2909
2909
2911
2912
2913
2915
2916
2916
2917
2919
2919
2921
2921
2921
2921
2921
2921
2921
2921
2921
2921
2921
2921
2921
2922
2923
2925
2925
2925
2927
2928
2928
2929
2930
2931
2933
2934
2934
2936
2937
2938
2938
2940
2940
2941
2942
2944
2945
2945
2947
2948
2950
2952
2953
2954
2954
2956
2957
2958
2958
2958
2958
2958
2958
2958
2958
2958
2958
2959
2960
2962
2967
2971
2972
2972
2975
2978
2980
2983
2983
2986
2989
2989
2992
2995
2998
2998
2998
3001
3001
3001
3002
3003
3004
3005
3006
3007
3008
3009
3010
3011
3012
3013
3013
3014
3015
3016
3017
3018
3019
3020
3021
3022
3023
3024
3025
3026
3027
3028
3029
3030
3032
3033
3034
3035
3036
3037
3038
3039
3041
3041
3041
3041
3041
3041
3041
3041
3041
3041
3041
3041
3042
3042
3044
3045
3048
3049
3050
3052
3053
3054
3055
3056
3057
3057
3059
3059
3060
3061
3063
3063
3065
3066
3067
3068
3069
3070
3072
3073
3074
3075
3076
3077
3078
3080
3082
3083
3084
3085
3086
3087
3090
3092
3093
3094
3095
3095
3097
3099
3099
3101
3102
3102
3103
3104
3105
3105
3106
3108
3108
3109
3110
3111
3111
3113
3114
3115
3116
3116
3118
3118
3120
3120
3122
3123
3124
3125
3126
3126
3128
3129
3130
3131
3132
3133
3134
3135
3136
3137
3138
3139
3141
3143
3144
3145
3145
3146
3148
3149
3149
3150
3152
3153
3153
3154
3155
3156
3156
3156
3158
3159
3160
3161
3162
3163
3163
3164
3165
3167
3169
3174
3177
3179
3183
3184
3185
3186
3188
3189
3190
3190
3191
3192
3194
3194
3195
3197
3198
3199
3199
3201
3202
3202
3203
3204
3206
3206
3208
3208
3212
3214
3215
3216
3216
3217
3219
3221
3222
3223
3224
3225
3226
3227
3227
3227
3228
3229
3229
3232
3233
3235
3235
3239
3241
3242
3242
3244
3245
3246
3247
3248
3249
3250
3251
3252
3253
3254
3255
3256
3257
3258
3259
3260
3261
3262
3263
3264
3265
3266
3267
3270
3271
3272
3273
3274
3275
3276
3276
3276
3276
3276
3276
3276
3276
3276
3276
3276
3276
3277
3277
3278
3278
3280
3280
3282
3282
3282
3282
3283
3285
3290
3294
3297
3301
3301
3302
3304
3304
3306
3307
3307
3308
3309
3311
3311
3313
3313
3315
3315
3317
3317
3319
3320
3320
3322
3322
3324
3324
3326
3326
3328
3328
3330
3330
3332
3333
3334
3335
3338
3339
3339
3340
3342
3343
3344
3345
3346
3347
3347
3347
3347
3347
3347
3347
3347
3347
3347
3347
3347
3347
3347
3350
3350
3357
3357
3359
3360
3362
3362
3362
3364
3365
3366
3366
3368
3368
3370
3371
3371
3372
3373
3375
3375
3377
3377
3379
3380
3381
3381
3382
3384
3385
3386
3386
3389
3391
3391
3393
3394
3394
3396
3397
3397
3397
3397
3397
3397
3399
3399
3399
3399
3399
3399
3399
3399
3399
3400
3402
3402
3403
3408
3409
3409
3411
3411
3412
3413
3415
3416
3417
3418
3419
3419
3420
3422
3423
3423
3425
3426
3427
3428
3429
3429
3430
3432
3432
3434
3434
3436
3436
3438
3439
3439
3441
3443
3445
3446
3447
3448
3449
3450
3450
3452
3453
3454
3455
3455
3456
3457
3459
3460
3460
3460
3460
3460
3460
3460
3460
3460
3460
3461
3461
3463
3464
3465
3465
3467
3468
3469
3470
3471
3472
3473
3473
3475
3475
3477
3478
3478
3480
3481
3482
3483
3483
3485
3486
3487
3488
3489
3489
3490
3492
3495
3496
3497
3498
3499
3500
3501
3502
3503
3504
3505
3506
3507
3508
3509
3510
3511
3512
3513
3514
3515
3516
3518
3518
3518
3519
3519
3520
3522
3522
3524
3525
3526
3527
3528
3529
3530
3530
3532
3533
3533
3535
3536
3536
3538
3538
3540
3541
3541
3543
3544
3545
3546
3547
3547
3549
3550
3551
3551
3553
3554
3554
3556
3557
3558
3559
3559
3560
3563
3563
3565
3565
3567
3567
3568
3569
3569
3569
3570
3573
3573
3574
3575
3577
3577
3579
3579
3581
3581
3583
3583
3585
3585
3587
3588
3588
3589
3591
3591
3593
3594
3595
3597
3598
3598
3599
3600
3601
3603
3604
3605
3606
3606
3607
3608
3610
3610
3612
3613
3614
3614
3616
3617
3618
3620
3621
3622
3623
3624
3625
3626
3627
3628
3629
3630
3631
3632
3633
3634
3635
3635
3637
3638
3639
3640
3640
3641
3643
3643
3644
3646
3647
3648
3648
3649
3650
3652
3652
3653
3654
3656
3656
3658
3659
3660
3660
3662
3662
3664
36